{
  "nbformat": 4,
  "nbformat_minor": 0,
  "metadata": {
    "colab": {
      "provenance": [],
      "machine_shape": "hm",
      "gpuType": "A100",
      "include_colab_link": true
    },
    "kernelspec": {
      "name": "python3",
      "display_name": "Python 3"
    },
    "language_info": {
      "name": "python"
    },
    "accelerator": "GPU"
  },
  "cells": [
    {
      "cell_type": "markdown",
      "metadata": {
        "id": "view-in-github",
        "colab_type": "text"
      },
      "source": [
        "<a href=\"https://colab.research.google.com/github/szandian/Computer_Vision/blob/main/HW/Hw1_szandian_Computer_vision.ipynb\" target=\"_parent\"><img src=\"https://colab.research.google.com/assets/colab-badge.svg\" alt=\"Open In Colab\"/></a>"
      ]
    },
    {
      "cell_type": "code",
      "execution_count": null,
      "metadata": {
        "colab": {
          "base_uri": "https://localhost:8080/"
        },
        "id": "zfr9SmVm5PWE",
        "outputId": "099bdfb1-83c0-4f97-dc67-c6e68a2ca7cf"
      },
      "outputs": [
        {
          "output_type": "stream",
          "name": "stdout",
          "text": [
            "Downloading data from https://storage.googleapis.com/tensorflow/tf-keras-datasets/mnist.npz\n",
            "\u001b[1m11490434/11490434\u001b[0m \u001b[32m━━━━━━━━━━━━━━━━━━━━\u001b[0m\u001b[37m\u001b[0m \u001b[1m0s\u001b[0m 0us/step\n",
            "Downloading data from https://www.cs.toronto.edu/~kriz/cifar-10-python.tar.gz\n",
            "\u001b[1m170498071/170498071\u001b[0m \u001b[32m━━━━━━━━━━━━━━━━━━━━\u001b[0m\u001b[37m\u001b[0m \u001b[1m4s\u001b[0m 0us/step\n",
            "L1 Distance Matrix for MNIST:\n",
            "[[  0.         141.45882353 141.91372549 134.82352941 160.91764706\n",
            "  115.70980392 129.52156863 126.01960784 131.81568627 134.86666667]\n",
            " [141.45882353   0.         121.33333333 127.6        125.60784314\n",
            "  122.61176471 130.38431373 109.59607843  79.15686275 107.94117647]\n",
            " [141.91372549 121.33333333   0.         126.36862745 139.41176471\n",
            "  132.62745098 116.40784314 111.50980392 108.56862745 107.76862745]\n",
            " [134.82352941 127.6        126.36862745   0.         136.65882353\n",
            "   99.83529412 153.59215686 143.34509804 114.41176471 134.31764706]\n",
            " [160.91764706 125.60784314 139.41176471 136.65882353   0.\n",
            "  148.50196078 140.36862745 138.28627451 145.39215686 127.84705882]\n",
            " [115.70980392 122.61176471 132.62745098  99.83529412 148.50196078\n",
            "    0.         136.76078431 132.58431373 108.55294118 135.43137255]\n",
            " [129.52156863 130.38431373 116.40784314 153.59215686 140.36862745\n",
            "  136.76078431   0.         130.16078431 125.95686275 119.76862745]\n",
            " [126.01960784 109.59607843 111.50980392 143.34509804 138.28627451\n",
            "  132.58431373 130.16078431   0.         103.03529412  90.69019608]\n",
            " [131.81568627  79.15686275 108.56862745 114.41176471 145.39215686\n",
            "  108.55294118 125.95686275 103.03529412   0.          88.9254902 ]\n",
            " [134.86666667 107.94117647 107.76862745 134.31764706 127.84705882\n",
            "  135.43137255 119.76862745  90.69019608  88.9254902    0.        ]]\n",
            "L1 Distance Matrix for CIFAR-10:\n",
            "[[   0.         1207.89019608 1041.48235294 1093.63529412 1364.65882353\n",
            "  1297.98431373 1369.50196078 1185.58039216 1143.94509804 1183.75686275]\n",
            " [1207.89019608    0.          830.38431373  756.67058824  679.68627451\n",
            "   789.6         826.62352941  865.54117647  854.13333333  794.44705882]\n",
            " [1041.48235294  830.38431373    0.          872.60784314  708.69019608\n",
            "   808.25098039  676.10588235  739.58039216  924.63529412  727.37254902]\n",
            " [1093.63529412  756.67058824  872.60784314    0.          714.89019608\n",
            "   686.2         884.1254902   986.68235294 1148.36470588 1010.03529412]\n",
            " [1364.65882353  679.68627451  708.69019608  714.89019608    0.\n",
            "   487.01960784  447.78431373  799.55686275 1100.22745098  789.18431373]\n",
            " [1297.98431373  789.6         808.25098039  686.2         487.01960784\n",
            "     0.          652.85882353  859.41568627 1137.25490196  934.76862745]\n",
            " [1369.50196078  826.62352941  676.10588235  884.1254902   447.78431373\n",
            "   652.85882353    0.          773.95294118 1053.58039216  773.22745098]\n",
            " [1185.58039216  865.54117647  739.58039216  986.68235294  799.55686275\n",
            "   859.41568627  773.95294118    0.         1000.20784314  864.0745098 ]\n",
            " [1143.94509804  854.13333333  924.63529412 1148.36470588 1100.22745098\n",
            "  1137.25490196 1053.58039216 1000.20784314    0.          877.2       ]\n",
            " [1183.75686275  794.44705882  727.37254902 1010.03529412  789.18431373\n",
            "   934.76862745  773.22745098  864.0745098   877.2           0.        ]]\n",
            "L2 Distance Matrix for MNIST:\n",
            "[[ 0.         10.84912291 10.50189782 10.1871122  11.36836434  9.36122213\n",
            "   9.8123791   9.93532566 10.13068396 10.36724725]\n",
            " [10.84912291  0.          9.90219452 10.21425379 10.08471308 10.01890101\n",
            "  10.24157722  9.45737722  7.50913835  9.36790844]\n",
            " [10.50189782  9.90219452  0.          9.76941063 10.33014573 10.12663683\n",
            "   9.2571516   9.14200079  8.85390067  8.98963391]\n",
            " [10.1871122  10.21425379  9.76941063  0.         10.349692    8.50966658\n",
            "  11.0661636  10.84659166  9.26910923 10.34388121]\n",
            " [11.36836434 10.08471308 10.33014573 10.349692    0.         10.87509456\n",
            "  10.43239859 10.50016312 10.69159932 10.05302283]\n",
            " [ 9.36122213 10.01890101 10.12663683  8.50966658 10.87509456  0.\n",
            "  10.30421988 10.3055369   9.0413387  10.48026358]\n",
            " [ 9.8123791  10.24157722  9.2571516  11.0661636  10.43239859 10.30421988\n",
            "   0.         10.06566904  9.80386431  9.59932796]\n",
            " [ 9.93532566  9.45737722  9.14200079 10.84659166 10.50016312 10.3055369\n",
            "  10.06566904  0.          8.72125652  8.14410012]\n",
            " [10.13068396  7.50913835  8.85390067  9.26910923 10.69159932  9.0413387\n",
            "   9.80386431  8.72125652  0.          8.09095926]\n",
            " [10.36724725  9.36790844  8.98963391 10.34388121 10.05302283 10.48026358\n",
            "   9.59932796  8.14410012  8.09095926  0.        ]]\n",
            "L2 Distance Matrix for CIFAR-10:\n",
            "[[ 0.         26.22400355 22.2343431  25.42840142 28.21617435 27.75426357\n",
            "  27.94190739 25.18057049 24.93276279 24.99089261]\n",
            " [26.22400355  0.         18.0611512  17.74581474 15.99673938 18.05236775\n",
            "  18.14730998 18.74870381 19.37470656 17.32491145]\n",
            " [22.2343431  18.0611512   0.         19.1959134  16.03696902 17.68313611\n",
            "  15.20040723 16.46836633 20.38328389 16.25368855]\n",
            " [25.42840142 17.74581474 19.1959134   0.         16.29179474 15.82631363\n",
            "  19.64496486 21.34448814 24.94314427 22.2373665 ]\n",
            " [28.21617435 15.99673938 16.03696902 16.29179474  0.         11.83876948\n",
            "  10.60761697 17.35881146 23.02763263 17.77008186]\n",
            " [27.75426357 18.05236775 17.68313611 15.82631363 11.83876948  0.\n",
            "  15.35102685 19.01489855 23.56532684 20.89486544]\n",
            " [27.94190739 18.14730998 15.20040723 19.64496486 10.60761697 15.35102685\n",
            "   0.         16.84254604 22.53144584 17.40757457]\n",
            " [25.18057049 18.74870381 16.46836633 21.34448814 17.35881146 19.01489855\n",
            "  16.84254604  0.         21.06691231 18.94330155]\n",
            " [24.93276279 19.37470656 20.38328389 24.94314427 23.02763263 23.56532684\n",
            "  22.53144584 21.06691231  0.         19.54055041]\n",
            " [24.99089261 17.32491145 16.25368855 22.2373665  17.77008186 20.89486544\n",
            "  17.40757457 18.94330155 19.54055041  0.        ]]\n",
            "K=5, Distance Metric=manhattan, Accuracy=0.9631, Time=108.52 sec\n",
            "K=25, Distance Metric=manhattan, Accuracy=0.9493, Time=107.81 sec\n",
            "K=55, Distance Metric=manhattan, Accuracy=0.9391, Time=107.85 sec\n",
            "K=105, Distance Metric=manhattan, Accuracy=0.9283, Time=108.04 sec\n",
            "K=5, Distance Metric=euclidean, Accuracy=0.9688, Time=4.25 sec\n",
            "K=25, Distance Metric=euclidean, Accuracy=0.9578, Time=4.29 sec\n",
            "K=55, Distance Metric=euclidean, Accuracy=0.9475, Time=4.87 sec\n",
            "K=105, Distance Metric=euclidean, Accuracy=0.9385, Time=4.39 sec\n"
          ]
        }
      ],
      "source": [
        "import numpy as np\n",
        "import time\n",
        "from sklearn.neighbors import KNeighborsClassifier\n",
        "import matplotlib.pyplot as plt\n",
        "from tensorflow.keras.datasets import mnist, cifar10\n",
        "\n",
        "# Load MNIST dataset\n",
        "(x_train_mnist, y_train_mnist), (x_test_mnist, y_test_mnist) = mnist.load_data()\n",
        "(x_train_mnist, x_test_mnist) = (x_train_mnist / 255.0, x_test_mnist / 255.0)\n",
        "\n",
        "# Load CIFAR-10 dataset\n",
        "(x_train_cifar, y_train_cifar), (x_test_cifar, y_test_cifar) = cifar10.load_data()\n",
        "(x_train_cifar, x_test_cifar) = (x_train_cifar / 255.0, x_test_cifar / 255.0)\n",
        "y_train_cifar, y_test_cifar = y_train_cifar.flatten(), y_test_cifar.flatten()\n",
        "\n",
        "# Function to compute L1 distance\n",
        "def l1_distance(img1, img2):\n",
        "    return np.sum(np.abs(img1 - img2))\n",
        "\n",
        "# Function to compute L2 distance\n",
        "def l2_distance(img1, img2):\n",
        "    return np.sqrt(np.sum((img1 - img2) ** 2))\n",
        "\n",
        "# Selecting one random image per class from MNIST\n",
        "mnist_class_samples = {i: x_train_mnist[np.where(y_train_mnist == i)][0] for i in range(10)}\n",
        "\n",
        "# Compute L1 distance matrix for MNIST\n",
        "l1_dist_mnist = np.zeros((10, 10))\n",
        "for i in range(10):\n",
        "    for j in range(10):\n",
        "        l1_dist_mnist[i, j] = l1_distance(mnist_class_samples[i], mnist_class_samples[j])\n",
        "\n",
        "# Display L1 distance matrix\n",
        "print(\"L1 Distance Matrix for MNIST:\")\n",
        "print(l1_dist_mnist)\n",
        "\n",
        "# Selecting one random image per class from CIFAR-10\n",
        "cifar_class_samples = {i: x_train_cifar[np.where(y_train_cifar == i)][0] for i in range(10)}\n",
        "\n",
        "# Compute L1 distance matrix for CIFAR-10\n",
        "l1_dist_cifar = np.zeros((10, 10))\n",
        "for i in range(10):\n",
        "    for j in range(10):\n",
        "        l1_dist_cifar[i, j] = l1_distance(cifar_class_samples[i], cifar_class_samples[j])\n",
        "\n",
        "# Display L1 distance matrix\n",
        "print(\"L1 Distance Matrix for CIFAR-10:\")\n",
        "print(l1_dist_cifar)\n",
        "\n",
        "# Repeat the same process for L2 distance\n",
        "l2_dist_mnist = np.zeros((10, 10))\n",
        "for i in range(10):\n",
        "    for j in range(10):\n",
        "        l2_dist_mnist[i, j] = l2_distance(mnist_class_samples[i], mnist_class_samples[j])\n",
        "\n",
        "print(\"L2 Distance Matrix for MNIST:\")\n",
        "print(l2_dist_mnist)\n",
        "\n",
        "l2_dist_cifar = np.zeros((10, 10))\n",
        "for i in range(10):\n",
        "    for j in range(10):\n",
        "        l2_dist_cifar[i, j] = l2_distance(cifar_class_samples[i], cifar_class_samples[j])\n",
        "\n",
        "print(\"L2 Distance Matrix for CIFAR-10:\")\n",
        "print(l2_dist_cifar)\n",
        "\n",
        "# Nearest neighbor classification using KNN on MNIST\n",
        "def knn_classification(train_data, train_labels, test_data, test_labels, k_values, metric):\n",
        "    for k in k_values:\n",
        "        knn = KNeighborsClassifier(n_neighbors=k, metric=metric)\n",
        "        start_time = time.time()\n",
        "        knn.fit(train_data.reshape(train_data.shape[0], -1), train_labels)\n",
        "        accuracy = knn.score(test_data.reshape(test_data.shape[0], -1), test_labels)\n",
        "        end_time = time.time()\n",
        "        print(f\"K={k}, Distance Metric={metric}, Accuracy={accuracy:.4f}, Time={end_time - start_time:.2f} sec\")\n",
        "\n",
        "# Train-test split (80%-20%)\n",
        "mnist_train_size = int(0.8 * x_train_mnist.shape[0])\n",
        "x_train_mnist_knn, y_train_mnist_knn = x_train_mnist[:mnist_train_size], y_train_mnist[:mnist_train_size]\n",
        "x_test_mnist_knn, y_test_mnist_knn = x_train_mnist[mnist_train_size:], y_train_mnist[mnist_train_size:]\n",
        "\n",
        "# Run KNN with L1 and L2 distances\n",
        "k_values = [5, 25, 55, 105]\n",
        "knn_classification(x_train_mnist_knn, y_train_mnist_knn, x_test_mnist_knn, y_test_mnist_knn, k_values, 'manhattan')\n",
        "knn_classification(x_train_mnist_knn, y_train_mnist_knn, x_test_mnist_knn, y_test_mnist_knn, k_values, 'euclidean')\n"
      ]
    }
  ]
}